Frame 0
Index 926 62 
AffineT
-0.163498 0.986479 -0.0112871 324.574
-0.0894685 -0.0262204 -0.995644 -68.7573
-0.982478 -0.161776 0.0925458 2140
0 0 0 1
Isocenter 324.574 -68.7573 2140
Source    333.716 737.714 2065.04
Power     1
Time      0
DAP_rate  0.001 Gy-cm2/s
T_Voltage 62 kV
T_Current 1.2 mA

Frame 1
Index 926 62 
AffineT
-0.163498 0.986479 -0.0112871 324.574
-0.0894685 -0.0262204 -0.995644 -68.7573
-0.982478 -0.161776 0.0925458 2140
0 0 0 1
Isocenter 324.574 -68.7573 2140
Source    333.716 737.714 2065.04
Power     1
Time      0
DAP_rate  0.001 Gy-cm2/s
T_Voltage 62 kV
T_Current 1.2 mA

Frame 2
Index 926 62 
AffineT
-0.163498 0.986479 -0.0112871 324.574
-0.0894685 -0.0262204 -0.995644 -68.7573
-0.982478 -0.161776 0.0925458 2140
0 0 0 1
Isocenter 324.574 -68.7573 2140
Source    333.716 737.714 2065.04
Power     1
Time      0
DAP_rate  0.001 Gy-cm2/s
T_Voltage 62 kV
T_Current 1.2 mA

Frame 3
Index 926 62 
AffineT
-0.163498 0.986479 -0.0112871 324.574
-0.0894685 -0.0262204 -0.995644 -68.7573
-0.982478 -0.161776 0.0925458 2140
0 0 0 1
Isocenter 324.574 -68.7573 2140
Source    333.716 737.714 2065.04
Power     1
Time      0
DAP_rate  0.001 Gy-cm2/s
T_Voltage 62 kV
T_Current 1.2 mA

Frame 4
Index 926 62 
AffineT
-0.163498 0.986479 -0.0112871 324.555
-0.0894685 -0.0262204 -0.995644 -86.2097
-0.982478 -0.161776 0.0925458 2140
0 0 0 1
Isocenter 324.555 -86.2097 2140
Source    333.697 720.262 2065.04
Power     1
Time      0
DAP_rate  0.001 Gy-cm2/s
T_Voltage 62 kV
T_Current 1.2 mA

Frame 5
Index 926 62 
AffineT
-0.163498 0.986479 -0.0112871 307.21
-0.0894685 -0.0262204 -0.995644 -51.3155
-0.982478 -0.161776 0.0925458 2140
0 0 0 1
Isocenter 307.21 -51.3155 2140
Source    316.352 755.156 2065.04
Power     1
Time      0
DAP_rate  0.001 Gy-cm2/s
T_Voltage 62 kV
T_Current 1.2 mA

Frame 6
Index 935 68 
AffineT
-0.195323 0.964178 -0.179472 307.144
-0.150044 -0.210221 -0.966071 -107.176
-0.969193 -0.161767 0.18573 2140
0 0 0 1
Isocenter 307.144 -107.176 2140
Source    452.516 675.341 1989.56
Power     1
Time      0
DAP_rate  0.001 Gy-cm2/s
T_Voltage 62 kV
T_Current 1.2 mA

Frame 7
Index 935 71 
AffineT
-0.207657 0.942187 -0.262988 279.351
-0.132449 -0.293454 -0.946753 -75.789
-0.969193 -0.161767 0.18573 2140
0 0 0 1
Isocenter 279.351 -75.789 2140
Source    492.372 691.081 1989.56
Power     1
Time      0
DAP_rate  0.001 Gy-cm2/s
T_Voltage 62 kV
T_Current 1.2 mA

Frame 8
Index 935 76 
AffineT
-0.227501 0.876915 -0.423395 311.216
-0.094378 -0.452605 -0.886702 -64.6668
-0.969193 -0.161767 0.18573 2120
0 0 0 1
Isocenter 311.216 -64.6668 2120
Source    654.166 653.562 1969.56
Power     1
Time      0
DAP_rate  0.001 Gy-cm2/s
T_Voltage 62 kV
T_Current 1.2 mA

Frame 9
Index 934 78 
AffineT
-0.202196 0.803056 -0.560551 321.901
-0.141423 -0.590317 -0.794686 -81.169
-0.96908 -0.0814071 0.23293 2100
0 0 0 1
Isocenter 321.901 -81.169 2100
Source    775.947 562.527 1911.33
Power     1
Time      0
DAP_rate  0.001 Gy-cm2/s
T_Voltage 62 kV
T_Current 1.2 mA

Frame 10
Index 932 80 
AffineT
-0.104164 0.720798 -0.685274 359.306
-0.223682 -0.688349 -0.690031 -58.2512
-0.96908 0.0814072 0.23293 2140
0 0 0 1
Isocenter 359.306 -58.2512 2140
Source    914.378 500.674 1951.33
Power     1
Time      0
DAP_rate  0.001 Gy-cm2/s
T_Voltage 62 kV
T_Current 1.2 mA

Frame 11
Index 931 82 
AffineT
-0.053439 0.598004 -0.79971 335.263
-0.240434 -0.784999 -0.570937 -99.2109
-0.969193 0.161767 0.18573 2120
0 0 0 1
Isocenter 335.263 -99.2109 2120
Source    983.028 363.248 1969.56
Power     1
Time      0
DAP_rate  0.001 Gy-cm2/s
T_Voltage 62 kV
T_Current 1.2 mA

Frame 12
Index 944 91 
AffineT
-0.318506 0.5 -0.805328 324.93
-0.18389 -0.866025 -0.464957 -106.141
-0.929913 1.66155e-08 0.367779 2120
0 0 0 1
Isocenter 324.93 -106.141 2120
Source    977.246 270.475 1822.1
Power     1
Time      0
DAP_rate  0.001 Gy-cm2/s
T_Voltage 62 kV
T_Current 1.2 mA

Frame 13
Index 931 91 
AffineT
-0.113847 0.374455 -0.92023 338.666
-0.21841 -0.913025 -0.344502 -119.938
-0.969193 0.161767 0.18573 2120
0 0 0 1
Isocenter 338.666 -119.938 2120
Source    1084.05 159.109 1969.56
Power     1
Time      0
DAP_rate  0.001 Gy-cm2/s
T_Voltage 62 kV
T_Current 1.2 mA

Frame 14
Index 930 93 
AffineT
-0.16907 0.236824 -0.956729 352.468
-0.281246 -0.941935 -0.183461 -132.455
-0.944625 0.238059 0.225859 2100
0 0 0 1
Isocenter 352.468 -132.455 2100
Source    1127.42 16.148 1917.05
Power     1
Time      0
DAP_rate  0.001 Gy-cm2/s
T_Voltage 62 kV
T_Current 1.2 mA

Frame 15
Index 930 96 
AffineT
-0.192939 0.153828 -0.969078 386.482
-0.265441 -0.958992 -0.0993788 -128.957
-0.944625 0.238059 0.225859 2100
0 0 0 1
Isocenter 386.482 -128.957 2100
Source    1171.44 -48.4598 1917.05
Power     1
Time      0
DAP_rate  0.001 Gy-cm2/s
T_Voltage 62 kV
T_Current 1.2 mA

Frame 16
Index 933 108 
AffineT
-0.187596 1.22465e-16 -0.982246 396.69
-2.29738e-17 -1 -1.2029e-16 -122.096
-0.982246 4.70999e-24 0.187596 2100
0 0 0 1
Isocenter 396.69 -122.096 2100
Source    1192.31 -122.096 1948.05
Power     1
Time      0
DAP_rate  0.001 Gy-cm2/s
T_Voltage 62 kV
T_Current 1.2 mA

Frame 17
Index 941 100 
AffineT
-0.303232 0.0870629 -0.948931 383.353
-0.253384 -0.967334 -0.00778194 -106.035
-0.918611 0.238085 0.315387 2120
0 0 0 1
Isocenter 383.353 -106.035 2120
Source    1151.99 -99.7316 1864.54
Power     1
Time      0
DAP_rate  0.001 Gy-cm2/s
T_Voltage 62 kV
T_Current 1.2 mA

Frame 18
Index 942 102 
AffineT
-0.356595 0.0657943 -0.931939 393.315
-0.170817 -0.985294 -0.00420016 -111.847
-0.918511 0.157693 0.36259 2100
0 0 0 1
Isocenter 393.315 -111.847 2100
Source    1148.19 -108.445 1806.3
Power     1
Time      0
DAP_rate  0.001 Gy-cm2/s
T_Voltage 62 kV
T_Current 1.2 mA

Frame 19
Index 931 103 
AffineT
-0.181682 0.0395993 -0.98256 417.646
-0.166301 -0.986034 -0.00898926 -102.516
-0.969193 0.161767 0.18573 2120
0 0 0 1
Isocenter 417.646 -102.516 2120
Source    1213.52 -95.2345 1969.56
Power     1
Time      0
DAP_rate  0.001 Gy-cm2/s
T_Voltage 62 kV
T_Current 1.2 mA

Frame 20
Index 931 103 
AffineT
-0.181682 0.0395993 -0.98256 417.646
-0.166301 -0.986034 -0.00898926 -102.516
-0.969193 0.161767 0.18573 2120
0 0 0 1
Isocenter 417.646 -102.516 2120
Source    1213.52 -95.2345 1969.56
Power     1
Time      0
DAP_rate  0.001 Gy-cm2/s
T_Voltage 62 kV
T_Current 1.2 mA

Frame 21
Index 933 108 
AffineT
-0.187596 1.22465e-16 -0.982246 396.69
-2.29738e-17 -1 -1.2029e-16 -122.096
-0.982246 4.70999e-24 0.187596 2100
0 0 0 1
Isocenter 396.69 -122.096 2100
Source    1192.31 -122.096 1948.05
Power     1
Time      0
DAP_rate  0.001 Gy-cm2/s
T_Voltage 62 kV
T_Current 1.2 mA

Frame 22
Index 932 106 
AffineT
-0.231822 0.0229449 -0.972488 393.584
-0.084512 -0.996417 -0.00336351 -133.627
-0.96908 0.0814072 0.23293 2120
0 0 0 1
Isocenter 393.584 -133.627 2120
Source    1181.3 -130.903 1931.33
Power     1
Time      0
DAP_rate  0.001 Gy-cm2/s
T_Voltage 62 kV
T_Current 1.2 mA

Frame 23
Index 931 103 
AffineT
-0.181682 0.0395993 -0.98256 417.646
-0.166301 -0.986034 -0.00898926 -102.516
-0.969193 0.161767 0.18573 2120
0 0 0 1
Isocenter 417.646 -102.516 2120
Source    1213.52 -95.2345 1969.56
Power     1
Time      0
DAP_rate  0.001 Gy-cm2/s
T_Voltage 62 kV
T_Current 1.2 mA

Frame 24
Index 930 96 
AffineT
-0.192939 0.153828 -0.969078 369.487
-0.265441 -0.958992 -0.0993788 -128.996
-0.944625 0.238059 0.225859 2100
0 0 0 1
Isocenter 369.487 -128.996 2100
Source    1154.44 -48.4997 1917.05
Power     1
Time      0
DAP_rate  0.001 Gy-cm2/s
T_Voltage 62 kV
T_Current 1.2 mA

Frame 25
Index 921 93 
AffineT
0.00148227 0.202773 -0.979225 406.85
-0.2398 -0.950582 -0.197204 -132.324
-0.970821 0.23511 0.0472158 2100
0 0 -0 1
Isocenter 406.85 -132.324 2100
Source    1200.02 27.4111 2061.76
Power     1
Time      0
DAP_rate  0.001 Gy-cm2/s
T_Voltage 62 kV
T_Current 1.2 mA

Frame 26
Index 922 90 
AffineT
-0.0281532 0.362035 -0.931739 389.932
-0.184238 -0.918019 -0.351137 -105.015
-0.982478 0.161776 0.0925458 2100
0 0 0 1
Isocenter 389.932 -105.015 2100
Source    1144.64 179.406 2025.04
Power     1
Time      0
DAP_rate  0.001 Gy-cm2/s
T_Voltage 62 kV
T_Current 1.2 mA

Frame 27
Index 933 90 
AffineT
-0.162463 0.5 -0.85065 321.871
-0.0937978 -0.866025 -0.491123 -101.715
-0.982246 1.923e-08 0.187596 2100
0 0 0 1
Isocenter 321.871 -101.715 2100
Source    1010.9 296.094 1948.05
Power     1
Time      0
DAP_rate  0.001 Gy-cm2/s
T_Voltage 62 kV
T_Current 1.2 mA

Frame 28
Index 945 88 
AffineT
-0.301528 0.618263 -0.725832 362.823
-0.140252 -0.781743 -0.607624 -54.2438
-0.943086 -0.0814167 0.32243 2120
0 0 -0 1
Isocenter 362.823 -54.2438 2120
Source    950.747 437.932 1858.83
Power     1
Time      0
DAP_rate  0.001 Gy-cm2/s
T_Voltage 62 kV
T_Current 1.2 mA

Frame 29
Index 945 82 
AffineT
-0.272593 0.744618 -0.609292 359.346
-0.190481 -0.662506 -0.724433 -88.806
-0.943086 -0.0814167 0.32243 2120
0 0 -0 1
Isocenter 359.346 -88.806 2120
Source    852.873 497.985 1858.83
Power     1
Time      0
DAP_rate  0.001 Gy-cm2/s
T_Voltage 62 kV
T_Current 1.2 mA

Frame 30
Index 945 76 
AffineT
-0.235375 0.848349 -0.474239 276.702
-0.234922 -0.52314 -0.819229 -106.217
-0.943086 -0.0814167 0.32243 2120
0 0 -0 1
Isocenter 276.702 -106.217 2120
Source    660.836 557.359 1858.83
Power     1
Time      0
DAP_rate  0.001 Gy-cm2/s
T_Voltage 62 kV
T_Current 1.2 mA

Frame 31
Index 934 74 
AffineT
-0.174566 0.893363 -0.414039 355.848
-0.174385 -0.441899 -0.879952 -44.2965
-0.96908 -0.0814071 0.23293 2140
0 0 0 1
Isocenter 355.848 -44.2965 2140
Source    691.219 668.465 1951.33
Power     1
Time      0
DAP_rate  0.001 Gy-cm2/s
T_Voltage 62 kV
T_Current 1.2 mA

Frame 32
Index 935 71 
AffineT
-0.207657 0.942187 -0.262988 314.171
-0.132449 -0.293454 -0.946753 -40.834
-0.969193 -0.161767 0.18573 2140
0 0 0 1
Isocenter 314.171 -40.834 2140
Source    527.192 726.036 1989.56
Power     1
Time      0
DAP_rate  0.001 Gy-cm2/s
T_Voltage 62 kV
T_Current 1.2 mA

Frame 33
Index 926 65 
AffineT
-0.170674 0.98044 -0.0980203 303.739
-0.0748782 -0.112098 -0.990872 -40.8404
-0.982478 -0.161776 0.0925458 2140
0 0 0 1
Isocenter 303.739 -40.8404 2140
Source    383.135 761.766 2065.04
Power     1
Time      0
DAP_rate  0.001 Gy-cm2/s
T_Voltage 62 kV
T_Current 1.2 mA

Frame 34
Index 926 61 
AffineT
-0.163498 0.986479 -0.0112871 311.218
-0.0894685 -0.0262204 -0.995644 -61.208
-0.982478 -0.161776 0.0925458 2120
0 0 0 1
Isocenter 311.218 -61.208 2120
Source    320.361 745.264 2045.04
Power     1
Time      0
DAP_rate  0.001 Gy-cm2/s
T_Voltage 62 kV
T_Current 1.2 mA

Frame 35
Index 926 59 
AffineT
-0.155078 0.98501 0.075532 310.672
-0.103378 0.0598567 -0.992839 -68.7719
-0.982478 -0.161776 0.0925458 2140
0 0 0 1
Isocenter 310.672 -68.7719 2140
Source    249.491 735.428 2065.04
Power     1
Time      0
DAP_rate  0.001 Gy-cm2/s
T_Voltage 62 kV
T_Current 1.2 mA

Frame 36
Index 927 53 
AffineT
-0.208414 0.924615 0.318828 279.345
-0.118616 0.299685 -0.946636 -82.7746
-0.970821 -0.23511 0.0472159 2140
0 0 0 1
Isocenter 279.345 -82.7746 2140
Source    21.0942 684.001 2101.76
Power     1
Time      0
DAP_rate  0.001 Gy-cm2/s
T_Voltage 62 kV
T_Current 1.2 mA

Frame 37
Index 937 52 
AffineT
-0.222466 0.892765 0.391765 231.811
-0.283162 0.325346 -0.902202 -123.579
-0.932914 -0.311642 0.180418 2120
0 0 0 1
Isocenter 231.811 -123.579 2120
Source    -85.5183 607.205 1973.86
Power     1
Time      0
DAP_rate  0.001 Gy-cm2/s
T_Voltage 62 kV
T_Current 1.2 mA

Frame 38
Index 928 45 
AffineT
-0.216178 0.809465 0.545924 243.348
-0.240925 0.497629 -0.833259 -91.5459
-0.946162 -0.311659 0.0874434 2100
0 0 0 1
Isocenter 243.348 -91.5459 2100
Source    -198.85 583.394 2029.17
Power     1
Time      0
DAP_rate  0.001 Gy-cm2/s
T_Voltage 62 kV
T_Current 1.2 mA

Frame 39
Index 914 38 
AffineT
-0.225992 0.751224 0.620153 254.994
0.0309552 0.64184 -0.766214 -47.8577
-0.973637 -0.153962 -0.168305 2140
0 0 0 1
Isocenter 254.994 -47.8577 2140
Source    -247.33 572.776 2276.33
Power     1
Time      0
DAP_rate  0.001 Gy-cm2/s
T_Voltage 62 kV
T_Current 1.2 mA

Frame 40
Index 920 35 
AffineT
-0.18676 0.635016 0.749583 282.782
-0.149146 0.735836 -0.66053 -114.196
-0.971018 -0.235158 -0.0427141 2140
0 0 0 1
Isocenter 282.782 -114.196 2140
Source    -324.381 420.834 2174.6
Power     1
Time      0
DAP_rate  0.001 Gy-cm2/s
T_Voltage 62 kV
T_Current 1.2 mA

Frame 41
Index 349 35 
AffineT
-0.379053 0.437064 0.815656 258.437
-0.197077 0.823083 -0.53263 -93.2775
-0.904146 -0.362642 -0.225857 2140
0 0 0 1
Isocenter 258.437 -93.2775 2140
Source    -402.244 338.153 2322.94
Power     1
Time      0
DAP_rate  0.001 Gy-cm2/s
T_Voltage 62 kV
T_Current 1.2 mA

Frame 42
Index 349 28 
AffineT
-0.339072 0.287497 0.895754 262.891
-0.259905 0.886474 -0.382901 -116.614
-0.904146 -0.362642 -0.225857 2120
0 0 0 1
Isocenter 262.891 -116.614 2120
Source    -462.67 193.536 2302.94
Power     1
Time      0
DAP_rate  0.001 Gy-cm2/s
T_Voltage 62 kV
T_Current 1.2 mA

Frame 43
Index 348 23 
AffineT
-0.254522 0.234482 0.938209 268.852
-0.235615 0.925889 -0.295321 -117.709
-0.937926 -0.296222 -0.180411 2140
0 0 0 1
Isocenter 268.852 -117.709 2140
Source    -491.097 121.501 2286.13
Power     1
Time      0
DAP_rate  0.001 Gy-cm2/s
T_Voltage 62 kV
T_Current 1.2 mA

Frame 44
Index 349 18 
AffineT
-0.26025 0.0482643 0.964334 277.397
-0.338807 0.930678 -0.138016 -163.419
-0.904146 -0.362642 -0.225857 2100
0 0 0 1
Isocenter 277.397 -163.419 2100
Source    -503.713 -51.6265 2282.94
Power     1
Time      0
DAP_rate  0.001 Gy-cm2/s
T_Voltage 62 kV
T_Current 1.2 mA

Frame 45
Index 337 14 
AffineT
-0.233304 0.0665391 0.970125 293.216
-0.202492 0.972461 -0.115396 -117.669
-0.951087 -0.223365 -0.213405 2140
0 0 0 1
Isocenter 293.216 -117.669 2140
Source    -492.585 -24.1984 2312.86
Power     1
Time      0
DAP_rate  0.001 Gy-cm2/s
T_Voltage 62 kV
T_Current 1.2 mA

Frame 46
Index 337 14 
AffineT
-0.233304 0.0665391 0.970125 293.216
-0.202492 0.972461 -0.115396 -117.669
-0.951087 -0.223365 -0.213405 2140
0 0 0 1
Isocenter 293.216 -117.669 2140
Source    -492.585 -24.1984 2312.86
Power     1
Time      0
DAP_rate  0.001 Gy-cm2/s
T_Voltage 62 kV
T_Current 1.2 mA

Frame 47
Index 348 15 
AffineT
-0.209741 0.0701405 0.975238 280.906
-0.276233 0.95254 -0.127916 -115.481
-0.937926 -0.296222 -0.180411 2100
0 0 0 1
Isocenter 280.906 -115.481 2100
Source    -509.036 -11.8691 2246.13
Power     1
Time      0
DAP_rate  0.001 Gy-cm2/s
T_Voltage 62 kV
T_Current 1.2 mA

Frame 48
Index 348 17 
AffineT
-0.209741 0.0701405 0.975238 289.743
-0.276233 0.95254 -0.127916 -114.185
-0.937926 -0.296222 -0.180411 2140
0 0 0 1
Isocenter 289.743 -114.185 2140
Source    -500.2 -10.5727 2286.13
Power     1
Time      0
DAP_rate  0.001 Gy-cm2/s
T_Voltage 62 kV
T_Current 1.2 mA

Frame 49
Index 349 17 
AffineT
-0.229731 -0.0330333 0.972693 286.032
-0.3602 0.931343 -0.0534432 -215.312
-0.904146 -0.362642 -0.225857 2140
0 0 0 1
Isocenter 286.032 -215.312 2140
Source    -501.849 -172.023 2322.94
Power     1
Time      0
DAP_rate  0.001 Gy-cm2/s
T_Voltage 62 kV
T_Current 1.2 mA

Frame 50
Index 348 16 
AffineT
-0.209741 0.0701405 0.975238 293.908
-0.276233 0.95254 -0.127916 -123.478
-0.937926 -0.296222 -0.180411 2120
0 0 0 1
Isocenter 293.908 -123.478 2120
Source    -496.034 -19.866 2266.13
Power     1
Time      0
DAP_rate  0.001 Gy-cm2/s
T_Voltage 62 kV
T_Current 1.2 mA

Frame 51
Index 349 18 
AffineT
-0.26025 0.0482643 0.964334 277.357
-0.338807 0.930678 -0.138016 -180.526
-0.904146 -0.362642 -0.225857 2100
0 0 0 1
Isocenter 277.357 -180.526 2100
Source    -503.753 -68.7327 2282.94
Power     1
Time      0
DAP_rate  0.001 Gy-cm2/s
T_Voltage 62 kV
T_Current 1.2 mA

Frame 52
Index 349 18 
AffineT
-0.26025 0.0482643 0.964334 277.357
-0.338807 0.930678 -0.138016 -180.526
-0.904146 -0.362642 -0.225857 2100
0 0 0 1
Isocenter 277.357 -180.526 2100
Source    -503.753 -68.7327 2282.94
Power     1
Time      0
DAP_rate  0.001 Gy-cm2/s
T_Voltage 62 kV
T_Current 1.2 mA

Frame 53
Index 348 16 
AffineT
-0.209741 0.0701405 0.975238 293.908
-0.276233 0.95254 -0.127916 -123.478
-0.937926 -0.296222 -0.180411 2120
0 0 0 1
Isocenter 293.908 -123.478 2120
Source    -496.034 -19.866 2266.13
Power     1
Time      0
DAP_rate  0.001 Gy-cm2/s
T_Voltage 62 kV
T_Current 1.2 mA

Frame 54
Index 348 17 
AffineT
-0.209741 0.0701405 0.975238 289.711
-0.276233 0.95254 -0.127916 -131.634
-0.937926 -0.296222 -0.180411 2140
0 0 0 1
Isocenter 289.711 -131.634 2140
Source    -500.232 -28.0224 2286.13
Power     1
Time      0
DAP_rate  0.001 Gy-cm2/s
T_Voltage 62 kV
T_Current 1.2 mA

Frame 55
Index 349 18 
AffineT
-0.26025 0.0482643 0.964334 277.357
-0.338807 0.930678 -0.138016 -180.526
-0.904146 -0.362642 -0.225857 2100
0 0 0 1
Isocenter 277.357 -180.526 2100
Source    -503.753 -68.7327 2282.94
Power     1
Time      0
DAP_rate  0.001 Gy-cm2/s
T_Voltage 62 kV
T_Current 1.2 mA

Frame 56
Index 349 18 
AffineT
-0.26025 0.0482643 0.964334 277.435
-0.338807 0.930678 -0.138016 -146.306
-0.904146 -0.362642 -0.225857 2100
0 0 0 1
Isocenter 277.435 -146.306 2100
Source    -503.675 -34.5132 2282.94
Power     1
Time      0
DAP_rate  0.001 Gy-cm2/s
T_Voltage 62 kV
T_Current 1.2 mA

Frame 57
Index 348 19 
AffineT
-0.233018 0.152893 0.960378 283.588
-0.256901 0.942802 -0.212427 -113.123
-0.937926 -0.296222 -0.180411 2120
0 0 0 1
Isocenter 283.588 -113.123 2120
Source    -494.318 58.9429 2266.13
Power     1
Time      0
DAP_rate  0.001 Gy-cm2/s
T_Voltage 62 kV
T_Current 1.2 mA

Frame 58
Index 348 23 
AffineT
-0.254522 0.234482 0.938209 268.852
-0.235615 0.925889 -0.295321 -117.709
-0.937926 -0.296222 -0.180411 2140
0 0 0 1
Isocenter 268.852 -117.709 2140
Source    -491.097 121.501 2286.13
Power     1
Time      0
DAP_rate  0.001 Gy-cm2/s
T_Voltage 62 kV
T_Current 1.2 mA

Frame 59
Index 355 34 
AffineT
-0.285786 0.387895 0.876278 269.605
-0.355447 0.80628 -0.472833 -202.986
-0.889935 -0.446599 -0.0925476 2120
0 0 0 1
Isocenter 269.605 -202.986 2120
Source    -440.181 180.009 2194.96
Power     1
Time      0
DAP_rate  0.001 Gy-cm2/s
T_Voltage 62 kV
T_Current 1.2 mA

Frame 60
Index 355 37 
AffineT
-0.315678 0.456691 0.831734 276.552
-0.329186 0.769404 -0.547406 -182.253
-0.889935 -0.446599 -0.0925476 2120
0 0 0 1
Isocenter 276.552 -182.253 2120
Source    -397.153 261.145 2194.96
Power     1
Time      0
DAP_rate  0.001 Gy-cm2/s
T_Voltage 62 kV
T_Current 1.2 mA

Frame 61
Index 920 34 
AffineT
-0.18676 0.635016 0.749583 269.804
-0.149146 0.735836 -0.66053 -106.227
-0.971018 -0.235158 -0.0427141 2120
0 0 0 1
Isocenter 269.804 -106.227 2120
Source    -337.358 428.803 2154.6
Power     1
Time      0
DAP_rate  0.001 Gy-cm2/s
T_Voltage 62 kV
T_Current 1.2 mA

Frame 62
Index 914 38 
AffineT
-0.225992 0.751224 0.620153 254.994
0.0309552 0.64184 -0.766214 -47.8577
-0.973637 -0.153962 -0.168305 2140
0 0 0 1
Isocenter 254.994 -47.8577 2140
Source    -247.33 572.776 2276.33
Power     1
Time      0
DAP_rate  0.001 Gy-cm2/s
T_Voltage 62 kV
T_Current 1.2 mA

Frame 63
Index 928 45 
AffineT
-0.216178 0.809465 0.545924 226.223
-0.240925 0.497629 -0.833259 -108.707
-0.946162 -0.311659 0.0874434 2100
0 0 0 1
Isocenter 226.223 -108.707 2100
Source    -215.976 566.232 2029.17
Power     1
Time      0
DAP_rate  0.001 Gy-cm2/s
T_Voltage 62 kV
T_Current 1.2 mA

Frame 64
Index 937 53 
AffineT
-0.222466 0.892765 0.391765 227.039
-0.283162 0.325346 -0.902202 -114.276
-0.932914 -0.311642 0.180418 2140
0 0 0 1
Isocenter 227.039 -114.276 2140
Source    -90.2906 616.508 1993.86
Power     1
Time      0
DAP_rate  0.001 Gy-cm2/s
T_Voltage 62 kV
T_Current 1.2 mA

Frame 65
Index 927 56 
AffineT
-0.217959 0.947215 0.23511 296.769
-0.1 0.217959 -0.970821 -58.3088
-0.970821 -0.23511 0.0472159 2140
0 0 0 1
Isocenter 296.769 -58.3088 2140
Source    106.33 728.056 2101.76
Power     1
Time      0
DAP_rate  0.001 Gy-cm2/s
T_Voltage 62 kV
T_Current 1.2 mA

Frame 66
Index 926 57 
AffineT
-0.155078 0.98501 0.075532 321.913
-0.103378 0.0598567 -0.992839 -70.8937
-0.982478 -0.161776 0.0925458 2100
0 0 0 1
Isocenter 321.913 -70.8937 2100
Source    260.732 733.306 2025.04
Power     1
Time      0
DAP_rate  0.001 Gy-cm2/s
T_Voltage 62 kV
T_Current 1.2 mA

Frame 67
Index 926 62 
AffineT
-0.163498 0.986479 -0.0112871 324.574
-0.0894685 -0.0262204 -0.995644 -68.7573
-0.982478 -0.161776 0.0925458 2140
0 0 0 1
Isocenter 324.574 -68.7573 2140
Source    333.716 737.714 2065.04
Power     1
Time      0
DAP_rate  0.001 Gy-cm2/s
T_Voltage 62 kV
T_Current 1.2 mA

Frame 68
Index 926 62 
AffineT
-0.163498 0.986479 -0.0112871 324.574
-0.0894685 -0.0262204 -0.995644 -68.7573
-0.982478 -0.161776 0.0925458 2140
0 0 0 1
Isocenter 324.574 -68.7573 2140
Source    333.716 737.714 2065.04
Power     1
Time      0
DAP_rate  0.001 Gy-cm2/s
T_Voltage 62 kV
T_Current 1.2 mA

Frame 69
Index 926 62 
AffineT
-0.163498 0.986479 -0.0112871 324.574
-0.0894685 -0.0262204 -0.995644 -68.7573
-0.982478 -0.161776 0.0925458 2140
0 0 0 1
Isocenter 324.574 -68.7573 2140
Source    333.716 737.714 2065.04
Power     1
Time      0
DAP_rate  0.001 Gy-cm2/s
T_Voltage 62 kV
T_Current 1.2 mA

