Frame 0
Index 212 9 
AffineT
-0.00604061 0.999962 0.00636259 321.127
-0.0518952 0.00604065 -0.998634 -53.6496
-0.998634 -0.00636255 0.0518567 2400
0 0 0 1
Isocenter 321.127 -53.6496 2400
Source    315.973 755.244 2358

Frame 1
Index 212 9 
AffineT
-0.00604061 0.999962 0.00636259 340.649
-0.0518952 0.00604065 -0.998634 -34.0507
-0.998634 -0.00636255 0.0518567 2400
0 0 0 1
Isocenter 340.649 -34.0507 2400
Source    335.495 774.843 2358

Frame 2
Index 212 9 
AffineT
-0.00604061 0.999962 0.00636259 321.127
-0.0518952 0.00604065 -0.998634 -53.6496
-0.998634 -0.00636255 0.0518567 2400
0 0 0 1
Isocenter 321.127 -53.6496 2400
Source    315.973 755.244 2358

Frame 3
Index 212 9 
AffineT
-0.00604061 0.999962 0.00636259 340.637
-0.0518952 0.00604065 -0.998634 -53.6362
-0.998634 -0.00636255 0.0518567 2400
0 0 0 1
Isocenter 340.637 -53.6362 2400
Source    335.483 755.257 2358

Frame 4
Index 212 9 
AffineT
-0.00604061 0.999962 0.00636259 321.127
-0.0518952 0.00604065 -0.998634 -53.6496
-0.998634 -0.00636255 0.0518567 2400
0 0 0 1
Isocenter 321.127 -53.6496 2400
Source    315.973 755.244 2358

Frame 5
Index 187 10 
AffineT
-0.135957 0.989893 -0.0403327 297.701
-0.0526639 -0.0478743 -0.997464 -45.8268
-0.989314 -0.133488 0.0586405 2400
0 0 0 1
Isocenter 297.701 -45.8268 2400
Source    330.37 762.119 2352.5

Frame 6
Index 212 10 
AffineT
-0.0149603 0.985819 -0.167145 360.146
-0.0500578 -0.167693 -0.984568 -30.1255
-0.998634 -0.00636255 0.0518567 2400
0 0 0 1
Isocenter 360.146 -30.1255 2400
Source    495.534 767.375 2358

Frame 7
Index 212 11 
AffineT
-0.0234255 0.941722 -0.335574 395.198
-0.0466995 -0.336331 -0.940585 -37.9387
-0.998634 -0.00636255 0.0518567 2400
0 0 -0 1
Isocenter 395.198 -37.9387 2400
Source    667.013 723.935 2358

Frame 8
Index 173 12 
AffineT
-0.22906 0.917428 -0.325357 254.7
-0.0904987 -0.352867 -0.931287 -38.0062
-0.969196 -0.183876 0.163854 2400
0 0 0 1
Isocenter 254.7 -38.0062 2400
Source    518.239 716.336 2267.28

Frame 9
Index 187 13 
AffineT
-0.144074 0.833336 -0.533661 321.144
0.02237 -0.536407 -0.843663 -2.71176
-0.989314 -0.133488 0.0586405 2400
0 0 0 1
Isocenter 321.144 -2.71176 2400
Source    753.409 680.655 2352.5

